{
    "coeffs": [
        [
            1.0,
            0.6755588849113758,
            0.6586543670686654,
            0.41001980897288115,
            0.8536686112944435,
            0.20022803141473533,
            0.2259046471797436,
            -0.47045458156670283,
            -0.05368455920926948,
            0.06704229354280782,
            -0.205600896806289
        ],
        [
            0.6755588849113758,
            1.0,
            0.6721905794709238,
            0.671756044238283,
            0.7432256764816706,
            0.47888886001513,
            0.5072747593794313,
            -0.5996035512249045,
            0.17812844902783348,
            0.3012920509137214,
            -0.3886597288682941
        ],
        [
            0.6586543670686654,
            0.6721905794709238,
            1.0,
            0.616861967632283,
            0.5625042156997203,
            0.47848370255135547,
            0.4797898347857886,
            -0.8085059563585344,
            0.32479612636068317,
            0.40649623272301955,
            -0.4397355116681714
        ],
        [
            0.41001980897288115,
            0.671756044238283,
            0.616861967632283,
            1.0,
            0.5373430097675146,
            0.8410045714770882,
            0.8616182667174414,
            -0.7248713269093144,
            0.5271872926433618,
            0.6491702896542936,
            -0.6319613344231664
        ],
        [
            0.8536686112944435,
            0.7432256764816706,
            0.5625042156997203,
            0.5373430097675146,
            1.0,
            0.3668310482989565,
            0.4009676054503753,
            -0.4656820384934572,
            0.02539041798597595,
            0.18259199967445217,
            -0.3420374169343444
        ],
        [
            0.20022803141473533,
            0.47888886001513,
            0.47848370255135547,
            0.8410045714770882,
            0.3668310482989565,
            1.0,
            0.9940705893557502,
            -0.5884272194969798,
            0.8295112360259926,
            0.9050017176000292,
            -0.7975298568748362
        ],
        [
            0.2259046471797436,
            0.5072747593794313,
            0.4797898347857886,
            0.8616182667174414,
            0.4009676054503753,
            0.9940705893557502,
            1.0,
            -0.5958435373727351,
            0.7731103361398329,
            0.8534551474554531,
            -0.7759947123375222
        ],
        [
            -0.47045458156670283,
            -0.5996035512249045,
            -0.8085059563585344,
            -0.7248713269093144,
            -0.4656820384934572,
            -0.5884272194969798,
            -0.5958435373727351,
            1.0,
            -0.39845921012289304,
            -0.4795385960054583,
            0.5416054817332003
        ],
        [
            -0.05368455920926948,
            0.17812844902783348,
            0.32479612636068317,
            0.5271872926433618,
            0.02539041798597595,
            0.8295112360259926,
            0.7731103361398329,
            -0.39845921012289304,
            1.0,
            0.9547571872432408,
            -0.7040309591401378
        ],
        [
            0.06704229354280782,
            0.3012920509137214,
            0.40649623272301955,
            0.6491702896542936,
            0.18259199967445217,
            0.9050017176000292,
            0.8534551474554531,
            -0.4795385960054583,
            0.9547571872432408,
            1.0,
            -0.7875268827727122
        ],
        [
            -0.205600896806289,
            -0.3886597288682941,
            -0.4397355116681714,
            -0.6319613344231664,
            -0.3420374169343444,
            -0.7975298568748362,
            -0.7759947123375222,
            0.5416054817332003,
            -0.7040309591401378,
            -0.7875268827727122,
            1.0
        ]
    ]
}